{
 "cells": [
  {
   "cell_type": "code",
   "execution_count": 8,
   "metadata": {},
   "outputs": [
    {
     "name": "stdout",
     "output_type": "stream",
     "text": [
      "Original Data (X):\n",
      " [[ 1.44241303  0.01605636  0.7400918   1.26538527  2.6509331 ]\n",
      " [-0.84358992  0.16499439  1.70805476 -1.71301736  0.60731668]\n",
      " [ 0.5556354   0.65534744 -0.51510721 -0.28400893  0.70313397]\n",
      " [ 0.53348719  0.54123288  1.32823097 -0.34199885  0.36246119]\n",
      " [ 1.53303417 -0.16290554  0.66797168  0.05886438  1.17643078]\n",
      " [ 1.83148071 -1.65678309 -0.12492376  0.91810538 -1.59653488]\n",
      " [-0.04543081 -0.47274553 -1.5629633   2.56039238 -0.98091259]\n",
      " [-0.51122805 -1.26628722 -0.57555929  0.61416038  0.20320122]\n",
      " [-0.27804339 -2.11919249  0.69985153  1.11595715 -0.05237134]\n",
      " [-0.50162227 -0.00532582  0.60000483  0.23795441 -2.80148357]] \n",
      "\n",
      "Sample Mean (mean_x):\n",
      " [ 0.37161361 -0.43056086  0.2965652   0.44317942  0.02721745] \n",
      "\n",
      "Covariance Matrix (S):\n",
      " [[ 0.92238203  0.01261131 -0.04312913  0.24387876  0.44826003]\n",
      " [ 0.01261131  0.88727921  0.22571682 -0.51226587  0.4114122 ]\n",
      " [-0.04312913  0.22571682  0.96676928 -0.79095344  0.41351967]\n",
      " [ 0.24387876 -0.51226587 -0.79095344  1.31670444 -0.29316689]\n",
      " [ 0.44826003  0.4114122   0.41351967 -0.29316689  2.31134374]] \n",
      "\n",
      "Eigenvalues:\n",
      " [2.8934793  1.87042244 0.69889493 0.69600475 0.24567729] \n",
      "\n",
      "Eigenvectors:\n",
      " [[ 0.11890709 -0.41756682  0.70521663  0.53847512  0.15560563]\n",
      " [ 0.3038809   0.1883906   0.60842396 -0.61740262 -0.34756248]\n",
      " [ 0.36547558  0.37438773 -0.11382573  0.54510974 -0.64510503]\n",
      " [-0.4069999  -0.62038696 -0.07931064 -0.09702051 -0.65861062]\n",
      " [ 0.77090608 -0.51487939 -0.33651645 -0.14933503  0.07112497]] \n",
      "\n",
      "Reduced Data (Z):\n",
      " [[ 2.11314287 -2.05792379  0.0282603 ]\n",
      " [ 1.87712041  2.18706528 -0.67949906]\n",
      " [ 0.87225557 -0.07302399  0.71307381]\n",
      " [ 1.26961503  0.81623105  0.53744639]\n",
      " [ 1.3975282  -0.64877912  0.58337648]\n",
      " [-1.79813625 -0.45700236  0.84018855]\n",
      " [-2.38089996 -1.32441387  0.0632242 ]\n",
      " [-0.6115999  -0.31199509 -1.10458239]\n",
      " [-0.77817637 -0.27226556 -1.55803271]\n",
      " [-1.96084962  2.14210746  0.57654443]] \n",
      "\n",
      "New Data Point (from reduced space):\n",
      " [ 2.76945046  0.47762046 -0.25611432  1.32059241  2.33119064] \n",
      "\n",
      "Variance preserved with 3 components: 85.30% \n",
      "\n"
     ]
    }
   ],
   "source": [
    "import numpy as np\n",
    "\n",
    "# Generate some sample data (for illustration purposes)\n",
    "# N = number of data points, D = dimensionality of each data point\n",
    "N, D = 10, 5\n",
    "X = np.random.randn(N, D)\n",
    "\n",
    "# Step 1: Compute sample mean\n",
    "mean_x = np.mean(X, axis=0)\n",
    "\n",
    "# Step 2: Compute sample covariance matrix\n",
    "X_centered = X - mean_x\n",
    "cov_matrix = np.dot(X_centered.T, X_centered) / (N - 1)\n",
    "\n",
    "# Step 3: Compute eigenvalues and eigenvectors of the covariance matrix\n",
    "eigenvalues, eigenvectors = np.linalg.eig(cov_matrix)\n",
    "\n",
    "# Step 4: Reorder eigenvalues in decreasing order and sort the eigenvectors correspondingly\n",
    "sorted_indices = np.argsort(eigenvalues)[::-1]\n",
    "eigenvalues_sorted = eigenvalues[sorted_indices]\n",
    "eigenvectors_sorted = eigenvectors[:, sorted_indices]\n",
    "\n",
    "# Step 5: Choose the number of components M < D (let's choose M = 2)\n",
    "M = 3\n",
    "U = eigenvectors_sorted[:, :M]\n",
    "\n",
    "# Step 6: Feature extraction (dimensionality reduction)\n",
    "Z = np.dot(X_centered, U)\n",
    "\n",
    "# Step 7: Calculate the percentage of variance preserved\n",
    "total_variance = np.sum(eigenvalues_sorted)   # Total variance in the original data\n",
    "explained_variance = np.sum(eigenvalues_sorted[:M])  # Variance preserved by the first M components\n",
    "explained_variance_ratio = explained_variance / total_variance * 100  # Percentage of variance preserved\n",
    "\n",
    "# Step 8: Generate new data point from reduced space (as before)\n",
    "alpha = np.random.uniform(-3 * np.sqrt(eigenvalues_sorted[:M]), 3 * np.sqrt(eigenvalues_sorted[:M]), M)\n",
    "new_data_point = mean_x + np.dot(alpha, U.T)\n",
    "\n",
    "# Output results\n",
    "print(\"Original Data (X):\\n\", X, \"\\n\")\n",
    "print(\"Sample Mean (mean_x):\\n\", mean_x, \"\\n\")\n",
    "print(\"Covariance Matrix (S):\\n\", cov_matrix, \"\\n\")\n",
    "print(\"Eigenvalues:\\n\", eigenvalues_sorted, \"\\n\")\n",
    "print(\"Eigenvectors:\\n\", eigenvectors_sorted, \"\\n\")\n",
    "print(\"Reduced Data (Z):\\n\", Z, \"\\n\")\n",
    "print(\"New Data Point (from reduced space):\\n\", new_data_point, \"\\n\")\n",
    "print(f\"Variance preserved with {M} components: {explained_variance_ratio:.2f}%\", \"\\n\")\n"
   ]
  }
 ],
 "metadata": {
  "kernelspec": {
   "display_name": "AML-CV",
   "language": "python",
   "name": "python3"
  },
  "language_info": {
   "codemirror_mode": {
    "name": "ipython",
    "version": 3
   },
   "file_extension": ".py",
   "mimetype": "text/x-python",
   "name": "python",
   "nbconvert_exporter": "python",
   "pygments_lexer": "ipython3",
   "version": "3.12.5"
  }
 },
 "nbformat": 4,
 "nbformat_minor": 2
}
